 <pre>

 Contingency table for Low clouds (octas)
 Selection: ALL    623 stations
Period: 20231108-20231130
Used {00,06,12,18} + 01 02 ... 12
 Limits    1.00000000       2.00000000       3.00000000       4.00000000       5.00000000       6.00000000       7.00000000    
 Each class is data <= limit, the very last > last limit
 Total number of values      485767
                                              OBSERVATION
                                  58172     4929     3867     3028     3277     3464     8159    21286 |    106182
                                   6021     1196     1136      912      951     1027     2497     5763 |     19503
                                   4093      938      953      829      886      923     2207     5127 |     15956
                           Ref     3441     1017      948      806      848      943     2246     5136 |     15385
                                   3257      974     1036      858      888      993     2439     5739 |     16184
                                   3435     1183     1157      989     1136     1225     3123     7219 |     19467
                                   4446     1842     1891     1574     1755     2051     5149    12968 |     31676
                                  14218    11177    11484    10648    12097    15565    44330   141895 |    261414

                    SUM           97083    23256    22472    19644    21838    26191    70150   205133 |    485767
                                              OBSERVATION
                                  53668     4774     3719     2923     3130     3304     7852    19635 |     99005
                                   6391     1236     1122      971      979     1057     2721     6364 |     20841
                                   4556     1015     1003      839      881      966     2400     5677 |     17337
                            1h     4012     1001      952      808      885      950     2456     5880 |     16944
                                   3648     1021     1098      925      933     1018     2651     6318 |     17612
                                   3625     1211     1213     1029     1200     1275     3167     8120 |     20840
                                   4778     1854     1974     1617     1840     2047     5265    13851 |     33226
                                  16405    11144    11391    10532    11990    15574    43638   139288 |    259962

                    SUM           97083    23256    22472    19644    21838    26191    70150   205133 |    485767
                                              OBSERVATION
                                  55594     4772     3791     2984     3145     3306     7933    20187 |    101712
                                   6288     1247     1144     1000     1028     1086     2725     6322 |     20840
                                   4677     1007      982      844      856      951     2416     5650 |     17383
                            2h     3805     1018      977      817      893      965     2371     5631 |     16477
                                   3496     1020      985      845      966     1104     2727     6287 |     17430
                                   3699     1283     1272     1027     1157     1275     3188     7997 |     20898
                                   4685     1913     1963     1687     1854     2043     5320    13843 |     33308
                                  14839    10996    11358    10440    11939    15461    43470   139216 |    257719

                    SUM           97083    23256    22472    19644    21838    26191    70150   205133 |    485767
                                              OBSERVATION
                                  56647     4798     3750     3001     3171     3373     7891    20330 |    102961
                                   6186     1218     1143      986      995     1053     2628     6166 |     20375
                                   4430     1027     1066      746      884      962     2416     5425 |     16956
                            3h     3829      975      951      835      847      985     2411     5529 |     16362
                                   3370     1049     1083      883      890     1030     2407     6048 |     16760
                                   3566     1245     1232     1038     1225     1198     3284     7861 |     20649
                                   4655     1873     1892     1574     1805     2008     5149    13462 |     32418
                                  14400    11071    11355    10581    12021    15582    43964   140312 |    259286

                    SUM           97083    23256    22472    19644    21838    26191    70150   205133 |    485767

