 <pre>

 Contingency table for Cloud cover (octas)
 Selection: ALL    404 stations
Period: 20231108-20231130
Used {00,06,12,18} + 01 02 ... 12
 Limits   0.500000000       1.50000000       2.50000000       3.50000000       4.50000000       5.50000000       6.50000000       7.50000000    
 Each class is data <= limit, the very last > last limit
 Total number of values      279566
                                                       OBSERVATION
                                   7705     1946     1302      980      631      821      887     1457     3300 |     19029
                                   2132      725      654      592      434      585      791     1398     3099 |     10410
                                   1181      490      445      433      337      416      599     1168     2740 |      7809
                                    847      368      367      359      299      377      534     1214     2771 |      7136
                           Ref      730      348      371      326      299      428      563     1317     3085 |      7467
                                    726      396      329      360      345      437      610     1556     3594 |      8353
                                    792      394      385      404      404      533      801     2018     5045 |     10776
                                   1059      607      564      614      569      842     1336     3676     9148 |     18415
                                   3615     2230     1785     2362     2224     3840     6733    39754   127628 |    190171

                    SUM           18787     7504     6202     6430     5542     8279    12854    53558   160410 |    279566
                                                       OBSERVATION
                                   7161     1839     1227      907      593      782      883     1397     3335 |     18124
                                   2197      728      632      574      475      594      739     1393     3457 |     10789
                                   1210      495      456      420      354      424      584     1265     2967 |      8175
                                    907      410      402      353      268      402      566     1220     3033 |      7561
                            1h      794      338      347      348      308      381      556     1327     3271 |      7670
                                    772      388      368      348      326      472      648     1560     4008 |      8890
                                    827      399      430      454      384      529      796     2122     5300 |     11241
                                   1089      605      546      626      613      820     1318     3719     9613 |     18949
                                   3830     2302     1794     2400     2221     3875     6764    39555   125426 |    188167

                    SUM           18787     7504     6202     6430     5542     8279    12854    53558   160410 |    279566
                                                       OBSERVATION
                                   7431     1831     1281      929      606      822      926     1412     3354 |     18592
                                   2167      774      645      596      507      590      690     1418     3424 |     10811
                                   1237      505      440      424      348      442      620     1182     3003 |      8201
                                    921      425      405      348      310      413      559     1263     2987 |      7631
                            2h      753      375      347      354      303      381      580     1338     3340 |      7771
                                    769      346      376      350      326      458      635     1716     3885 |      8861
                                    823      416      397      420      413      548      822     2162     5406 |     11407
                                   1077      600      579      579      561      810     1340     3765     9539 |     18850
                                   3609     2232     1732     2430     2168     3815     6682    39302   125472 |    187442

                    SUM           18787     7504     6202     6430     5542     8279    12854    53558   160410 |    279566
                                                       OBSERVATION
                                   7652     1926     1309      967      641      809      969     1446     3462 |     19181
                                   2074      748      652      568      471      600      756     1296     3350 |     10515
                                   1201      491      430      427      340      435      588     1254     2954 |      8120
                                    843      374      406      372      287      411      536     1269     2938 |      7436
                            3h      834      370      368      342      301      416      589     1372     3204 |      7796
                                    746      355      342      365      322      430      648     1583     3796 |      8587
                                    828      426      383      431      395      548      820     2085     5155 |     11071
                                   1094      618      542      618      594      877     1284     3845     9367 |     18839
                                   3515     2196     1770     2340     2191     3753     6664    39408   126184 |    188021

                    SUM           18787     7504     6202     6430     5542     8279    12854    53558   160410 |    279566

