 <pre>

 Contingency table for Rh2m (%)
 Selection: ALL   1059 stations
Period: 20231108-20231130
Used {00,06,12,18} + 00 01 ... 12
 Limits    30.0000000       50.0000000       65.0000000       75.0000000       85.0000000       95.0000000       100.000000    
 Each class is data <= limit, the very last > last limit
 Total number of values     1129388
                                              OBSERVATION
                                      0        4        2        0        0        0        0        0 |         6
                                    127     1477     1681      450      315      189       12        0 |      4251
                                     38     3436    23907    17758    10422     5076      396        0 |     61033
                           Ref        1      420    15770    49037    54645    26222     2091        0 |    148186
                                      0       66     4586    35438   132839   154509    13737        0 |    341175
                                      0       11      570     6500    61418   277651    91255        0 |    437405
                                      0        1       24      174     2902    37366    96396        0 |    136863
                                      0        0        0        0        3       39      427        0 |       469

                    SUM             166     5415    46540   109357   262544   501052   204314        0 |   1129388
                                              OBSERVATION
                                      0        0        0        0        0        0        0        0 |         0
                                    101     1092     1098      310      196       93        1        0 |      2891
                                     64     3660    22766    15662     8332     3905      363        0 |     54752
                            1h        1      543    17124    50155    54193    24771     1919        0 |    148706
                                      0      108     4893    36463   137033   162930    15495        0 |    356922
                                      0       10      641     6575    60172   274634    99779        0 |    441811
                                      0        2       18      192     2618    34708    86569        0 |    124107
                                      0        0        0        0        0       11      188        0 |       199

                    SUM             166     5415    46540   109357   262544   501052   204314        0 |   1129388
                                              OBSERVATION
                                      0        0        0        0        0        0        0        0 |         0
                                     96     1062     1118      316      235      108        7        0 |      2942
                                     69     3697    23006    16086     8484     4176      379        0 |     55897
                            2h        1      547    16829    49491    53398    25208     1947        0 |    147421
                                      0      101     4944    36513   135302   157790    14619        0 |    349269
                                      0        8      624     6764    62461   276948    96419        0 |    443224
                                      0        0       19      187     2664    36801    90692        0 |    130363
                                      0        0        0        0        0       21      251        0 |       272

                    SUM             166     5415    46540   109357   262544   501052   204314        0 |   1129388
                                              OBSERVATION
                                      0        0        0        0        0        0        0        0 |         0
                                     98     1103     1166      321      212      135        7        0 |      3042
                                     68     3639    23079    16254     8541     4298      359        0 |     56238
                            3h        0      584    16710    49197    53014    25327     2018        0 |    146850
                                      0       78     4945    36610   134046   154085    14143        0 |    343907
                                      0       11      628     6798    63962   278823    93761        0 |    443983
                                      0        0       12      177     2767    38357    93702        0 |    135015
                                      0        0        0        0        2       27      324        0 |       353

                    SUM             166     5415    46540   109357   262544   501052   204314        0 |   1129388

