 <pre>

 Contingency table for Visibility (m)
 Selection: ALL    709 stations
Period: 20231108-20231130
Used {00,06,12,18} + 00 01 ... 12
 Limits    1000.00000       5000.00000       10000.0000       20000.0000    
 Each class is data <= limit, the very last > last limit
 Total number of values      674301
                                     OBSERVATION
                                   3643     4105     2110     1872     1467 |     13197
                                   7831    44914    30539    33990    29881 |    147155
                           Ref     2122    16160    24111    47705    74605 |    164703
                                    851     8306    16104    40587   108644 |    174492
                                   1787     9730    15536    41859   105842 |    174754

                    SUM           16234    83215    88400   166013   320439 |    674301
                                     OBSERVATION
                                   2776     2969     1728     1420     1238 |     10131
                                   8313    44946    30412    34204    31888 |    149763
                            1h     2452    17322    24551    48784    75426 |    168535
                                    920     8705    16691    40975   109522 |    176813
                                   1773     9273    15018    40630   102365 |    169059

                    SUM           16234    83215    88400   166013   320439 |    674301
                                     OBSERVATION
                                   3075     3461     1970     1635     1242 |     11383
                                   8091    44926    30695    34523    31629 |    149864
                            2h     2334    16821    24380    48367    75809 |    167711
                                    941     8578    16287    40528   108373 |    174707
                                   1793     9429    15068    40960   103386 |    170636

                    SUM           16234    83215    88400   166013   320439 |    674301
                                     OBSERVATION
                                   3306     3844     2177     1798     1372 |     12497
                                   7983    45050    31077    35063    31906 |    151079
                            3h     2244    16313    23780    47757    76004 |    166098
                                    905     8377    16090    40047   107048 |    172467
                                   1796     9631    15276    41348   104109 |    172160

                    SUM           16234    83215    88400   166013   320439 |    674301

