 <pre>

 Contingency table for Cloud cover (octas)
 Selection: METCOOP     39 stations
Period: 20231108-20231130
Used {00,06,12,18} + 01 02 ... 12
 Limits   0.500000000       1.50000000       2.50000000       3.50000000       4.50000000       5.50000000       6.50000000       7.50000000    
 Each class is data <= limit, the very last > last limit
 Total number of values       11993
                                                       OBSERVATION
                                   1485      441      202      125       72       75       76      123      312 |      2911
                                    222       72       43       35       37       43       58       70      122 |       702
                                    115       28       33       24       25       30       31       53      104 |       443
                                     77       21       19       24       13       29       22       79      113 |       397
                           Ref       65       19       29       20       20       25       29       70      103 |       380
                                     61       26       30       21       24       37       36       67      143 |       445
                                     78       25       29       16       22       31       48       99      133 |       481
                                     89       26       42       27       43       52       86      179      247 |       791
                                    271       70      119      125      151      227      338      874     3268 |      5443

                    SUM            2463      728      546      417      407      549      724     1614     4545 |     11993
                                                       OBSERVATION
                                   1402      428      191      115       60       75       80      115      270 |      2736
                                    219       62       40       45       40       27       40       66      140 |       679
                                    140       35       39       30       23       30       32       52      107 |       488
                                     91       26       30       16       14       23       37       61       86 |       384
                            1h       68       20       23       18       16       35       29       66       90 |       365
                                     71       24       26       14       16       31       34       76      124 |       416
                                     81       14       38       22       24       47       54      107      170 |       557
                                     99       35       38       33       47       58       63      157      274 |       804
                                    292       84      121      124      167      223      355      914     3284 |      5564

                    SUM            2463      728      546      417      407      549      724     1614     4545 |     11993
                                                       OBSERVATION
                                   1436      430      200      109       69       69       79      112      291 |      2795
                                    209       59       47       38       30       35       36       76      115 |       645
                                    135       41       30       26       25       26       37       56      124 |       500
                                     99       33       24       20       10       30       29       54       93 |       392
                            2h       77       20       30       19       13       22       32       62      107 |       382
                                     75       18       27       20       23       36       32       91      125 |       447
                                     67       30       34       28       31       41       52       94      152 |       529
                                     82       23       44       23       42       63       75      168      267 |       787
                                    283       74      110      134      164      227      352      901     3271 |      5516

                    SUM            2463      728      546      417      407      549      724     1614     4545 |     11993
                                                       OBSERVATION
                                   1454      434      186      111       74       69       81      118      301 |      2828
                                    202       63       53       34       28       37       37       63      112 |       629
                                    136       36       25       27       20       27       30       68      113 |       482
                                     88       23       33       24       13       25       34       47       91 |       378
                            3h       79       23       31       17       16       31       34       72       98 |       401
                                     76       21       21       20       15       36       36       75      121 |       421
                                     76       18       37       25       32       30       58      103      137 |       516
                                    104       34       41       22       46       64       67      153      289 |       820
                                    248       76      119      137      163      230      347      915     3283 |      5518

                    SUM            2463      728      546      417      407      549      724     1614     4545 |     11993

