 <pre>

 Contingency table for Cloud base (m)
 Selection: METCOOP    230 stations
Period: 20231108-20231130
Used {00,06,12,18} + 01 02 ... 12
 Limits    70.0000000       150.000000       300.000000       600.000000       1000.00000       1500.00000       2500.00000       5000.00000    
 Each class is data <= limit, the very last > last limit
 Total number of values      206123
                                                       OBSERVATION
                                   2026     2523      801      268      148      293      218       52      235 |      6564
                                   1278     3309     1816      435      187      126       91       30      245 |      7517
                                   1096     4908     8185     2005      572      252      177       81      516 |     17792
                                    912     4304    17043    17555     4317     1382      685      334     1012 |     47544
                           Ref      563     1663     5327     8630     7611     2904      971      428      867 |     28964
                                    176      489     2135     2911     2169     2636      855      273      545 |     12189
                                     82      285     1260     2056     1172     1205     1281      259      449 |      8049
                                     55      135      575     1130      629      531      679      910      760 |      5404
                                   2464     5075     9358    10882     7677     5104     4209     3378    23953 |     72100

                    SUM            8652    22691    46500    45872    24482    14433     9166     5745    28582 |    206123
                                                       OBSERVATION
                                   1351     1615      590      219      132      187      254       58      428 |      4834
                                   1130     2629     1435      344      157       91       65       63      510 |      6424
                                   1348     5137     7539     2003      631      278      116       92     1221 |     18365
                                   1149     4916    17198    17603     4426     1447      621      370     1388 |     49118
                            1h      689     2037     5566     8257     7266     2781     1012      443      995 |     29046
                                    316      868     2683     3159     2528     2796      850      282      657 |     14139
                                    195      534     1661     2500     1389     1440     1467      424      598 |     10208
                                     80      184      782     1130      644      547      605      902      766 |      5640
                                   2394     4771     9046    10657     7309     4866     4176     3111    22019 |     68349

                    SUM            8652    22691    46500    45872    24482    14433     9166     5745    28582 |    206123
                                                       OBSERVATION
                                   1532     1872      719      243      117      239      236       51      277 |      5286
                                   1158     2806     1571      371      150       86       50       56      421 |      6669
                                   1193     4966     7493     2030      602      264      107       83      945 |     17683
                                   1062     4683    17130    17449     4383     1387      522      339     1112 |     48067
                            2h      659     1922     5497     8325     7269     2774      904      399      992 |     28741
                                    288      782     2554     3159     2599     2763      918      280      659 |     14002
                                    159      490     1596     2319     1312     1339     1433      333      545 |      9526
                                     88      184      790     1155      629      547      671      911      775 |      5750
                                   2513     4986     9150    10821     7421     5034     4325     3293    22856 |     70399

                    SUM            8652    22691    46500    45872    24482    14433     9166     5745    28582 |    206123
                                                       OBSERVATION
                                   1823     2217      818      277      140      263      312       52      258 |      6160
                                   1139     2922     1682      358      137       93       70       46      391 |      6838
                                   1099     4977     7840     2079      641      251      131       69      708 |     17795
                                    954     4444    16905    17456     4337     1355      520      356     1024 |     47351
                            3h      642     1819     5424     8435     7347     2725      923      407      994 |     28716
                                    263      761     2509     3077     2458     2865      962      274      627 |     13796
                                    124      401     1441     2197     1291     1394     1401      358      459 |      9066
                                     62      145      732     1163      645      539      647      918      804 |      5655
                                   2546     5005     9149    10830     7486     4948     4200     3265    23317 |     70746

                    SUM            8652    22691    46500    45872    24482    14433     9166     5745    28582 |    206123

