 <pre>

 Contingency table for Visibility (m)
 Selection: METCOOP    265 stations
Period: 20231108-20231130
Used {00,06,12,18} + 00 01 ... 12
 Limits    1000.00000       5000.00000       10000.0000       20000.0000    
 Each class is data <= limit, the very last > last limit
 Total number of values      271473
                                     OBSERVATION
                                   1072     1256      685      705      854 |      4572
                                   3178    18381    10035     9752    14012 |     55358
                           Ref      749     5609     6013     9361    28641 |     50373
                                    519     3345     4763     9924    55602 |     74153
                                   1016     4482     4717    14694    62108 |     87017

                    SUM            6534    33073    26213    44436   161217 |    271473
                                     OBSERVATION
                                    730      836      524      461      727 |      3278
                                   3395    18444    10102    10163    15612 |     57716
                            1h      898     6116     6093     9857    30263 |     53227
                                    549     3481     4975    10044    55697 |     74746
                                    962     4196     4519    13911    58918 |     82506

                    SUM            6534    33073    26213    44436   161217 |    271473
                                     OBSERVATION
                                    849     1047      640      523      711 |      3770
                                   3295    18420    10215    10185    15113 |     57228
                            2h      847     5894     5979     9763    29935 |     52418
                                    562     3457     4909     9829    55525 |     74282
                                    981     4255     4470    14136    59933 |     83775

                    SUM            6534    33073    26213    44436   161217 |    271473
                                     OBSERVATION
                                    984     1189      722      682      787 |      4364
                                   3208    18429    10265    10228    15115 |     57245
                            3h      825     5727     5826     9380    29666 |     51424
                                    536     3356     4866     9884    55124 |     73766
                                    981     4372     4534    14262    60525 |     84674

                    SUM            6534    33073    26213    44436   161217 |    271473

