 <pre>

 Contingency table for Cloud base (m)
 Selection: ALL    641 stations
Period: 20231108-20231130
Used {00,06,12,18} + 01 02 ... 12
 Limits    70.0000000       150.000000       300.000000       600.000000       1000.00000       1500.00000       2500.00000       5000.00000    
 Each class is data <= limit, the very last > last limit
 Total number of values      476982
                                                       OBSERVATION
                                   4397     4708     2126      888      613      582      420      308      776 |     14818
                                   2314     6616     4797     1447      606      300      212      139      374 |     16805
                                   2183     9812    17873     6657     1924      755      380      326      786 |     40696
                                   2053     7850    31478    41104    13019     3762     1578     1491     2060 |    104395
                           Ref     1293     3105    10477    21298    23877     9231     2973     1965     2881 |     77100
                                    606     1211     4654     8488     9679     9100     3406     1386     1903 |     40433
                                    304      643     2350     4732     3947     3835     3919     1275      986 |     21991
                                    254      357     1090     2490     2212     1649     2109     3447     1083 |     14691
                                   3752     6635    13381    21076    21536    14179     9766    12645    43083 |    146053

                    SUM           17156    40937    88226   108180    77413    43393    24763    22982    53932 |    476982
                                                       OBSERVATION
                                   3078     3177     1732      794      585      454      384      260      812 |     11276
                                   2110     5374     3908     1292      564      239      148      156      705 |     14496
                                   2406     9607    16038     6298     1941      698      284      311     1583 |     39166
                                   2423     8993    31568    39537    12640     3734     1434     1394     2461 |    104184
                            1h     1613     3871    11240    20825    22608     8897     3037     1833     3089 |     77013
                                    899     1877     5651     9206    10127     9001     3325     1365     2108 |     43559
                                    574     1138     3240     5794     4566     4307     4378     1622     1345 |     26964
                                    310      446     1374     2682     2366     1695     1992     3598     1137 |     15600
                                   3743     6454    13475    21752    22016    14368     9781    12443    40692 |    144724

                    SUM           17156    40937    88226   108180    77413    43393    24763    22982    53932 |    476982
                                                       OBSERVATION
                                   3387     3604     1999      890      618      517      399      292      697 |     12403
                                   2120     5624     4359     1401      583      233      126      148      571 |     15165
                                   2156     9417    16066     6491     1857      628      256      282     1256 |     38409
                                   2290     8540    31223    39584    12625     3614     1337     1360     2100 |    102673
                            2h     1610     3709    10953    20712    22602     8880     2831     1758     2945 |     76000
                                    880     1746     5512     9090    10343     9221     3557     1342     2097 |     43788
                                    480     1052     3050     5398     4360     4092     4209     1457     1201 |     25299
                                    307      458     1420     2655     2281     1662     2062     3566     1111 |     15522
                                   3926     6787    13644    21959    22144    14546     9986    12777    41954 |    147723

                    SUM           17156    40937    88226   108180    77413    43393    24763    22982    53932 |    476982
                                                       OBSERVATION
                                   3875     4092     2178      964      662      540      504      311      700 |     13826
                                   2102     5895     4683     1457      586      256      157      135      510 |     15781
                                   2105     9497    16841     6662     2010      652      292      284      984 |     39327
                                   2169     8297    30949    39920    12722     3661     1347     1380     1977 |    102422
                            3h     1458     3492    10782    20779    22722     8903     2848     1796     3018 |     75798
                                    811     1644     5316     8936    10214     9289     3517     1353     2007 |     43087
                                    414      885     2768     5134     4203     4124     4132     1488     1091 |     24239
                                    281      390     1312     2629     2251     1620     2052     3562     1147 |     15244
                                   3941     6745    13397    21699    22043    14348     9914    12673    42498 |    147258

                    SUM           17156    40937    88226   108180    77413    43393    24763    22982    53932 |    476982

