 <pre>

 Contingency table for Low clouds (octas)
 Selection: METCOOP    230 stations
Period: 20231108-20231130
Used {00,06,12,18} + 01 02 ... 12
 Limits    1.00000000       2.00000000       3.00000000       4.00000000       5.00000000       6.00000000       7.00000000    
 Each class is data <= limit, the very last > last limit
 Total number of values      209926
                                              OBSERVATION
                                  28332     1817     1447     1229     1203     1302     3243    12692 |     51265
                                   2500      398      400      355      345      377      874     2877 |      8126
                                   1642      345      348      314      334      312      767     2550 |      6612
                           Ref     1369      418      362      307      297      291      743     2540 |      6327
                                   1282      394      406      327      318      334      830     2793 |      6684
                                   1267      476      437      386      432      437     1041     3600 |      8076
                                   1699      758      774      626      679      700     1789     6595 |     13620
                                   5266     4658     4244     4347     4169     4829    11510    70193 |    109216

                    SUM           43357     9264     8418     7891     7777     8582    20797   103840 |    209926
                                              OBSERVATION
                                  24818     1642     1307     1123     1081     1158     2626    10635 |     44390
                                   2783      423      404      365      335      351      913     3240 |      8814
                                   1955      401      369      310      306      326      786     2778 |      7231
                            1h     1720      399      337      314      336      312      803     2961 |      7182
                                   1452      398      424      346      334      331      899     3123 |      7307
                                   1426      514      445      411      468      436     1126     4010 |      8836
                                   1972      790      805      656      718      644     1852     7033 |     14470
                                   7231     4697     4327     4366     4199     5024    11792    70060 |    111696

                    SUM           43357     9264     8418     7891     7777     8582    20797   103840 |    209926
                                              OBSERVATION
                                  26084     1632     1329     1133     1109     1152     2772    11140 |     46351
                                   2662      446      410      379      340      334      934     3123 |      8628
                                   2072      379      350      313      290      328      822     2798 |      7352
                            2h     1561      403      355      317      333      329      792     2773 |      6863
                                   1460      382      391      332      354      360      949     3116 |      7344
                                   1506      551      503      423      433      423     1088     4024 |      8951
                                   1827      812      800      718      724      694     1822     7119 |     14516
                                   6185     4659     4280     4276     4194     4962    11618    69747 |    109921

                    SUM           43357     9264     8418     7891     7777     8582    20797   103840 |    209926
                                              OBSERVATION
                                  26743     1638     1318     1136     1127     1147     2817    11204 |     47130
                                   2627      440      382      376      317      326      894     3034 |      8396
                                   1920      360      398      277      310      355      829     2758 |      7207
                            3h     1622      395      391      336      304      306      835     2831 |      7020
                                   1354      442      381      342      354      349      838     3048 |      7108
                                   1428      534      502      418      461      414     1157     4018 |      8932
                                   1839      771      747      680      708      694     1727     6875 |     14041
                                   5824     4684     4299     4326     4196     4991    11700    70072 |    110092

                    SUM           43357     9264     8418     7891     7777     8582    20797   103840 |    209926

